1000 0
939 560 1
800 58 79
688 375 100
567 74 74
81 237 83
583 275 48
228 464 16
551 820 82
271 18 33
985 550 95
673 46 78
667 25 64
696 907 4
132 527 17
39 857 22
269 570 35
213 999 21
985 697 95
400 254 3
403 123 60
632 233 86
773 502 59
742 731 33
56 660 25
1 150 50
684 14 12
882 869 59
886 666 59
332 474 54
905 131 3
745 909 76
953 181 79
724 834 25
701 793 19
770 264 45
920 769 21
413 127 63
833 874 16
493 744 97
763 467 46
510 773 12
577 226 23
987 602 36
658 468 86
535 961 23
100 893 0
84 149 83
590 560 47
564 837 3
196 392 30
975 475 41
935 232 99
86 942 50
588 709 34
272 896 73
168 51 15
942 89 37
747 654 95
755 802 20
268 666 15
28 19 37
455 636 68
177 639 60
405 750 20
86 426 37
160 846 4
427 413 83
405 381 97
697 203 54
807 977 10
776 802 7
8 492 20
4 842 17
518 349 89
94 515 3
407 192 11
257 245 6
377 628 77
789 105 40
686 134 94
293 300 76
977 438 23
575 827 96
792 291 31
930 591 89
295 201 88
295 674 17
489 935 94
91 713 4
497 128 48
771 148 39
800 455 68
84 652 65
656 111 77
104 294 52
579 281 58
301 548 46
498 77 74
426 640 84
612 454 8
0
2
3
5
6
7
9
10
11
12
13
15
16
17
20
21
22
23
24
26
27
29
30
31
32
33
34
35
36
37
38
40
41
42
43
44
45
47
48
49
50
52
53
54
55
57
59
60
61
62
63
64
65
66
67
68
69
70
71
72
73
75
76
78
79
80
82
83
85
87
88
90
92
93
95
96
97
98
99
101
102
103
106
107
108
109
110
112
113
114
115
116
117
118
119
120
121
122
124
125
126
129
130
133
135
136
137
138
139
140
141
142
143
144
145
146
147
151
152
153
154
155
156
157
158
159
161
162
163
164
165
166
167
169
170
171
172
173
174
175
176
178
179
180
182
183
184
185
186
187
188
189
190
191
193
194
195
197
198
199
200
202
204
205
206
207
208
209
210
211
212
214
215
216
217
218
219
220
221
222
223
224
225
227
229
230
231
234
235
236
238
239
240
241
242
243
244
246
247
248
249
250
251
252
253
255
256
258
259
260
261
262
263
265
266
267
270
273
274
276
277
278
279
280
282
283
284
285
286
287
288
289
290
292
296
297
298
299
302
303
304
305
306
307
308
309
310
311
312
313
314
315
316
317
318
319
320
321
322
323
324
325
326
327
328
329
330
331
333
334
335
336
337
338
339
340
341
342
343
344
345
346
347
348
350
351
352
353
354
355
356
357
358
359
360
361
362
363
364
365
366
367
368
369
370
371
372
373
374
376
378
379
380
382
383
384
385
386
387
388
389
390
391
393
394
395
396
397
398
399
401
402
404
406
408
409
410
411
412
414
415
416
417
418
419
420
421
422
423
424
425
428
429
430
431
432
433
434
435
436
437
439
440
441
442
443
444
445
446
447
448
449
450
451
452
453
456
457
458
459
460
461
462
463
465
466
469
470
471
472
473
476
477
478
479
480
481
482
483
484
485
486
487
488
490
491
494
495
496
499
500
501
503
504
505
506
507
508
509
511
512
513
514
516
517
519
520
521
522
523
524
525
526
528
529
530
531
532
533
534
536
537
538
539
540
541
542
543
544
545
546
547
549
552
553
554
555
556
557
558
559
561
562
563
565
566
568
569
571
572
573
574
576
578
580
581
582
584
585
586
587
589
592
593
594
595
596
597
598
599
600
601
603
604
605
606
607
608
609
610
611
613
614
615
616
617
618
619
620
621
622
623
624
625
626
627
629
630
631
633
634
635
637
638
641
642
643
644
645
646
647
648
649
650
651
653
655
657
659
661
662
663
664
665
668
669
670
671
672
675
676
677
678
679
680
681
682
683
685
687
689
690
691
692
693
694
695
698
699
700
702
703
704
705
706
707
708
710
711
712
714
715
716
717
718
719
720
721
722
723
725
726
727
728
729
730
732
733
734
735
736
737
738
739
740
741
743
746
748
749
751
752
753
754
756
757
758
759
760
761
762
764
765
766
767
768
772
774
775
777
778
779
780
781
782
783
784
785
786
787
788
790
791
794
795
796
797
798
799
801
803
804
805
806
808
809
810
811
812
813
814
815
816
817
818
819
821
822
823
824
825
826
828
829
830
831
832
835
836
838
839
840
841
843
844
845
847
848
849
850
851
852
853
854
855
856
858
859
860
861
862
863
864
865
866
867
868
870
871
872
873
875
876
877
878
879
880
881
883
884
885
887
888
889
890
891
892
894
895
897
898
899
900
901
902
903
904
906
908
910
911
912
913
914
915
916
917
918
919
921
922
923
924
925
926
927
928
929
931
932
933
934
936
937
938
940
941
943
944
945
946
947
948
949
950
951
952
954
955
956
957
958
959
960
962
963
964
965
966
967
968
969
970
971
972
973
974
976
978
979
980
981
982
983
984
986
988
989
990
991
992
993
994
995
996
997
998
